%YAML:1.0
---
Camera-M1: !!opencv-matrix
   rows: 3
   cols: 3
   dt: d
   data: [ 9.7054027392787157e+02, 0., 3.3688143735719376e+02, 0.,
       9.7054027392787157e+02, 2.7068132644637018e+02, 0., 0., 1. ]
Camera-M2: !!opencv-matrix
   rows: 3
   cols: 3
   dt: d
   data: [ 9.7054027392787157e+02, 0., 3.2533190574168799e+02, 0.,
       9.7054027392787157e+02, 2.9045829865670618e+02, 0., 0., 1. ]
Camera-D1: !!opencv-matrix
   rows: 1
   cols: 5
   dt: d
   data: [ 0., 1.0895441087604823e-02, 0., 0., 2.9186577407887619e+00 ]
Camera-D2: !!opencv-matrix
   rows: 1
   cols: 5
   dt: d
   data: [ 0., 4.0012770904197819e+00, 0., 0., -8.2526473835760513e+01 ]
Camera-R1: !!opencv-matrix
   rows: 3
   cols: 3
   dt: d
   data: [ 9.9972192369843771e-01, -1.9241393295147517e-02,
       1.3632463488182048e-02, 1.9291525826296774e-02,
       9.9980757915100094e-01, -3.5555173334421682e-03,
       -1.3561427210603230e-02, 3.8175196497902525e-03,
       9.9990075219280383e-01 ]
Camera-R2: !!opencv-matrix
   rows: 3
   cols: 3
   dt: d
   data: [ 9.9952231888544207e-01, -2.0823138969878623e-02,
       -2.2837051764837111e-02, 2.0907202541702925e-02,
       9.9977547340462780e-01, 3.4484286903883866e-03,
       2.2760117129508334e-02, -3.9242403078308943e-03,
       9.9973325312618133e-01 ]
Camera-P1: !!opencv-matrix
   rows: 3
   cols: 4
   dt: d
   data: [ 1.0983025354499359e+03, 0., 3.5148739755153656e+02, 0., 0.,
       1.0983025354499359e+03, 2.8031365284323692e+02, 0., 0., 0., 1.,
       0. ]
Camera-P2: !!opencv-matrix
   rows: 3
   cols: 4
   dt: d
   data: [ 1.0983025354499359e+03, 0., 3.5148739755153656e+02, 0., 0.,
       1.0983025354499359e+03, 2.8031365284323692e+02, 0., 0., 0., 1.,
       0. ]
Image-size: [ 720, 576 ]
